9780679410782
9780679447238
9780679420316
9780679422990
9780307264862
9781400043187
9780679420422
9780679410768
9781400042067
9780593534120
9780679431305
9780679423058
9780679409878
9780307594020
9780679420378
9780679428022
9780679420392
9781400042555
9780679431312
9780679417378
9780679417354
9780679405788
9780679413233
9780679405443
9781101908198
9781400043286
9780679413356
9780307271754
9781101907740
9780679428015
9780679405481
9780679433163
9781101908006
9780593535561
9781101908297
9781400041923
9780375712319
9780679444589
9780679435945
9780679443605
9781101907825
9780375412042
9780307592743
9780679410447
9780307957818
9780679413196
9780679405764
9781101907719
9780307269690
